0 0.21634615384615385 0.37259615384615385 0.06370192307692307 0.14423076923076922
0 0.39903846153846156 0.37259615384615385 0.078125 0.12980769230769232
0 0.3112980769230769 0.3737980769230769 0.06610576923076923 0.13822115384615385
0 0.49399038461538464 0.375 0.08052884615384616 0.14543269230769232
0 0.5889423076923077 0.375 0.06971153846153846 0.13341346153846154
0 0.7379807692307693 0.37740384615384615 0.14783653846153846 0.20192307692307693
0 0.2512019230769231 0.6478365384615384 0.14543269230769232 0.21634615384615385
0 0.40625 0.6490384615384616 0.08413461538461539 0.18990384615384615
0 0.7752403846153846 0.6586538461538461 0.07451923076923077 0.16947115384615385
0 0.5901442307692307 0.6622596153846154 0.07211538461538461 0.18389423076923078
0 0.6814903846153846 0.6622596153846154 0.09254807692307693 0.171875
0 0.4951923076923077 0.6658653846153846 0.09014423076923077 0.1875
