0 0.4483173076923077 0.5252403846153846 0.06971153846153846 0.17548076923076922
0 0.5216346153846154 0.5252403846153846 0.06129807692307692 0.17548076923076922
0 0.625 0.5288461538461539 0.12379807692307693 0.17067307692307693
0 0.34134615384615385 0.5288461538461539 0.1201923076923077 0.17067307692307693
0 0.5168269230769231 0.11538461538461539 0.054086538461538464 0.17067307692307693
0 0.36899038461538464 0.11538461538461539 0.1045673076923077 0.13942307692307693
0 0.4579326923076923 0.11899038461538461 0.05048076923076923 0.17548076923076922
0 0.6153846153846154 0.12620192307692307 0.0889423076923077 0.13942307692307693
0 0.4579326923076923 0.31490384615384615 0.057692307692307696 0.15504807692307693
0 0.6213942307692307 0.31490384615384615 0.10096153846153846 0.1346153846153846
0 0.3629807692307692 0.31490384615384615 0.10096153846153846 0.14423076923076922
0 0.5192307692307693 0.3245192307692308 0.057692307692307696 0.1346153846153846
