0 0.31009615384615385 0.703125 0.13942307692307693 0.171875
0 0.43028846153846156 0.7079326923076923 0.07572115384615384 0.1814903846153846
0 0.5384615384615384 0.7151442307692307 0.06370192307692307 0.16706730769230768
0 0.7199519230769231 0.7151442307692307 0.055288461538461536 0.16706730769230768
0 0.6538461538461539 0.7175480769230769 0.05889423076923077 0.1814903846153846
0 0.5925480769230769 0.7199519230769231 0.046875 0.16706730769230768
0 0.6682692307692307 0.3473557692307692 0.13942307692307693 0.15745192307692307
0 0.453125 0.34975961538461536 0.18990384615384615 0.1622596153846154
0 0.7680288461538461 0.34975961538461536 0.05048076923076923 0.14302884615384615
0 0.17908653846153846 0.35216346153846156 0.13942307692307693 0.16706730769230768
