0 0.26322115384615385 0.2692307692307692 0.21153846153846154 0.28365384615384615
0 0.6021634615384616 0.27163461538461536 0.14302884615384615 0.3112980769230769
0 0.7271634615384616 0.2776442307692308 0.07932692307692307 0.32211538461538464
0 0.43149038461538464 0.27163461538461536 0.0829326923076923 0.3112980769230769
0 0.8137019230769231 0.2776442307692308 0.07932692307692307 0.32211538461538464
0 0.27283653846153844 0.6394230769230769 0.22956730769230768 0.3004807692307692
0 0.4338942307692308 0.6550480769230769 0.07932692307692307 0.3112980769230769
0 0.5973557692307693 0.6418269230769231 0.15384615384615385 0.3161057692307692
0 0.71875 0.6466346153846154 0.07572115384615384 0.30528846153846156
0 0.8004807692307693 0.6550480769230769 0.07572115384615384 0.3329326923076923
