0 0.17668269230769232 0.17548076923076922 0.20673076923076922 0.203125
0 0.4699519230769231 0.20552884615384615 0.1971153846153846 0.19471153846153846
0 0.7247596153846154 0.19951923076923078 0.1466346153846154 0.29447115384615385
0 0.8737980769230769 0.19951923076923078 0.13341346153846154 0.30288461538461536
0 0.11658653846153846 0.5060096153846154 0.15144230769230768 0.30288461538461536
0 0.2704326923076923 0.5084134615384616 0.11899038461538461 0.28125
0 0.42908653846153844 0.5060096153846154 0.15144230769230768 0.3112980769230769
0 0.5829326923076923 0.49759615384615385 0.13701923076923078 0.29447115384615385
0 0.7956730769230769 0.4831730769230769 0.24278846153846154 0.24639423076923078
0 0.11899038461538461 0.8185096153846154 0.1466346153846154 0.2860576923076923
0 0.2776442307692308 0.8161057692307693 0.12379807692307693 0.28966346153846156
0 0.43149038461538464 0.8293269230769231 0.13701923076923078 0.28966346153846156
0 0.5805288461538461 0.8209134615384616 0.12379807692307693 0.29927884615384615
0 0.7367788461538461 0.8112980769230769 0.15144230769230768 0.3076923076923077
0 0.8966346153846154 0.8209134615384616 0.14182692307692307 0.3076923076923077
