0 0.15985576923076922 0.38341346153846156 0.1045673076923077 0.19591346153846154
0 0.26802884615384615 0.3798076923076923 0.09615384615384616 0.16346153846153846
0 0.3713942307692308 0.3641826923076923 0.09014423076923077 0.16826923076923078
0 0.47475961538461536 0.35697115384615385 0.09014423076923077 0.1658653846153846
0 0.5817307692307693 0.3425480769230769 0.09975961538461539 0.171875
0 0.22355769230769232 0.7103365384615384 0.17427884615384615 0.2283653846153846
0 0.4050480769230769 0.6838942307692307 0.11778846153846154 0.1875
0 0.5192307692307693 0.6694711538461539 0.10576923076923077 0.15384615384615385
0 0.625 0.6574519230769231 0.078125 0.14543269230769232
0 0.7235576923076923 0.6442307692307693 0.09375 0.16346153846153846
0 0.8353365384615384 0.6262019230769231 0.0985576923076923 0.14783653846153846
0 0.7439903846153846 0.3173076923076923 0.15985576923076922 0.18990384615384615
