0 0.22596153846153846 0.3425480769230769 0.15985576923076922 0.24639423076923078
0 0.4014423076923077 0.3545673076923077 0.10576923076923077 0.2439903846153846
0 0.5108173076923077 0.35336538461538464 0.09014423076923077 0.23798076923076922
0 0.6129807692307693 0.3545673076923077 0.09014423076923077 0.23798076923076922
0 0.7199519230769231 0.3557692307692308 0.08774038461538461 0.2439903846153846
0 0.8245192307692307 0.35697115384615385 0.08052884615384616 0.23798076923076922
0 0.18990384615384615 0.6634615384615384 0.09254807692307693 0.234375
0 0.29447115384615385 0.6658653846153846 0.09254807692307693 0.2403846153846154
0 0.4014423076923077 0.6646634615384616 0.08774038461538461 0.23798076923076922
0 0.5060096153846154 0.671875 0.09254807692307693 0.2439903846153846
0 0.6165865384615384 0.671875 0.09975961538461539 0.2403846153846154
0 0.7896634615384616 0.6646634615384616 0.16826923076923078 0.234375
