0 0.2668269230769231 0.27524038461538464 0.21153846153846154 0.28365384615384615
0 0.6057692307692307 0.2776442307692308 0.14302884615384615 0.3112980769230769
0 0.7307692307692307 0.28365384615384615 0.07932692307692307 0.32211538461538464
0 0.43509615384615385 0.2776442307692308 0.0829326923076923 0.3112980769230769
0 0.8173076923076923 0.28365384615384615 0.07932692307692307 0.32211538461538464
0 0.2764423076923077 0.6442307692307693 0.22956730769230768 0.3004807692307692
0 0.4375 0.6610576923076923 0.07932692307692307 0.3112980769230769
0 0.5997596153846154 0.6466346153846154 0.15384615384615385 0.3161057692307692
0 0.7223557692307693 0.6526442307692307 0.07572115384615384 0.30528846153846156
0 0.8040865384615384 0.6610576923076923 0.07572115384615384 0.3329326923076923
