0 0.16015625 0.38359375 0.10546875 0.196875
0 0.26796875 0.3796875 0.09609375 0.16328125
0 0.37109375 0.3640625 0.09140625 0.16796875
0 0.475 0.35703125 0.0890625 0.165625
0 0.58203125 0.3421875 0.10078125 0.1734375
0 0.2234375 0.71015625 0.17578125 0.228125
0 0.4046875 0.68359375 0.11796875 0.1875
0 0.51953125 0.66953125 0.10546875 0.15390625
0 0.625 0.6578125 0.0796875 0.14453125
0 0.7234375 0.64453125 0.09375 0.16328125
0 0.83515625 0.6265625 0.0984375 0.14921875
0 0.74375 0.3171875 0.1609375 0.18984375
