0 0.09940614412282642 0.3030542244487848 0.06319995764913056 0.1217672036472223
0 0.17992943627730412 0.3143021553945835 0.06627041549465287 0.11246493882958344
0 0.4645544211519937 0.36388980698944484 0.05851245764913067 0.12165810087368056
0 0.5427385084860111 0.3758644365484726 0.06627041549465282 0.11246493882958344
0 0.8125061078220812 0.4227628460271188 0.05853972872636959 0.12634560087368066
0 0.8868066710537977 0.4385528066081951 0.0584306444174139 0.10759560087368066
0 0.0480457155459665 0.8736563587574653 0.06319995764913057 0.1217672036472223
0 0.13175309503446173 0.8951332748856251 0.06314541549465283 0.11239220364722229
0 0.41397978775467353 0.9352913750937155 0.05851245764913067 0.1216581008736803
0 0.4945439865250094 0.9522028521079516 0.06306360226293642 0.09559429578409677
0 0.8337473870907436 0.9779237248752954 0.08002384328594588 0.04415255024940912
0 0.7618314804748852 0.9702287663362503 0.05041815651766228 0.05954246732749944
