0 0.28427167002479115 0.6456692253739527 0.17107752583555563 0.10196358402290802
0 0.27860812395635387 0.3853766153723618 0.14622299620027784 0.10792268268618095
0 0.2671848871584721 0.13752037070336195 0.15196384992375006 0.08612040802036267
0 0.7957176630909369 0.6633423621100858 0.20843205547083343 0.0961499360279987
0 0.7882519616279161 0.5812020241088132 0.1794342332825 0.05832267202418073
0 0.7757169004574995 0.5154133921069042 0.16991376291777768 0.051963584022908196
0 0.7600932068782635 0.4480258974379042 0.1638819684648613 0.06126585868872638
0 0.7334599313270485 0.3500332927673136 0.1843763064207639 0.06931471602481701
0 0.7073539858479512 0.22938443809672285 0.1761287017473613 0.11764312802354437
0 0.2936447103936452 0.7465868353755435 0.16388196846486114 0.06126585868872621
