0 0.2359375 0.35234375 0.165625 0.228125
0 0.4015625 0.3546875 0.09375 0.22109375
0 0.50234375 0.3578125 0.08671875 0.2328125
0 0.6046875 0.35703125 0.08203125 0.2359375
0 0.70546875 0.3609375 0.09375 0.22578125
0 0.80859375 0.35703125 0.08671875 0.2359375
0 0.19921875 0.65625 0.09609375 0.228125
0 0.30078125 0.66328125 0.08671875 0.23046875
0 0.40234375 0.66328125 0.0796875 0.22578125
0 0.50234375 0.665625 0.09140625 0.23046875
0 0.609375 0.66328125 0.09140625 0.22109375
0 0.7765625 0.6609375 0.14921875 0.22578125
