0 0.16953125 0.28828125 0.1390625 0.34375
0 0.31640625 0.2875 0.13203125 0.3390625
0 0.44609375 0.2921875 0.10546875 0.33671875
0 0.57421875 0.290625 0.1078125 0.31953125
0 0.69921875 0.30078125 0.1109375 0.31953125
0 0.44609375 0.73828125 0.12734375 0.31953125
0 0.58203125 0.7359375 0.1203125 0.31953125
0 0.703125 0.7296875 0.1109375 0.31484375
0 0.82421875 0.71640625 0.10546875 0.3125
0 0.93984375 0.71171875 0.11796875 0.30546875
0 0.21171875 0.74375 0.20703125 0.34140625
0 0.8890625 0.30078125 0.17578125 0.3171875
