0 0.21754807692307693 0.28725961538461536 0.046875 0.125
0 0.3076923076923077 0.29927884615384615 0.07572115384615384 0.13822115384615385
0 0.5673076923076923 0.3233173076923077 0.09735576923076923 0.13822115384615385
0 0.8413461538461539 0.35697115384615385 0.07211538461538461 0.14783653846153846
0 0.2403846153846154 0.6911057692307693 0.05889423076923077 0.16706730769230768
0 0.31490384615384615 0.7007211538461539 0.055288461538461536 0.17668269230769232
0 0.375 0.7055288461538461 0.05048076923076923 0.15745192307692307
0 0.44471153846153844 0.7223557692307693 0.07211538461538461 0.1622596153846154
0 0.5480769230769231 0.7319711538461539 0.07572115384615384 0.171875
0 0.6730769230769231 0.7295673076923077 0.12259615384615384 0.17668269230769232
