0 0.23677884615384615 0.3545673076923077 0.1658653846153846 0.2283653846153846
0 0.4026442307692308 0.3557692307692308 0.09375 0.21995192307692307
0 0.5048076923076923 0.3605769230769231 0.08653846153846154 0.23197115384615385
0 0.6069711538461539 0.359375 0.08173076923076923 0.234375
0 0.7067307692307693 0.3629807692307692 0.09375 0.22596153846153846
0 0.8112980769230769 0.359375 0.08653846153846154 0.234375
0 0.20192307692307693 0.6574519230769231 0.09615384615384616 0.2283653846153846
0 0.30288461538461536 0.6646634615384616 0.08653846153846154 0.22956730769230768
0 0.4050480769230769 0.6646634615384616 0.078125 0.22596153846153846
0 0.5048076923076923 0.6682692307692307 0.09014423076923077 0.23197115384615385
0 0.6105769230769231 0.6658653846153846 0.09014423076923077 0.21995192307692307
0 0.7776442307692307 0.6634615384615384 0.14783653846153846 0.22596153846153846
