0 0.23557692307692307 0.35216346153846156 0.1658653846153846 0.2283653846153846
0 0.4014423076923077 0.3545673076923077 0.09375 0.21995192307692307
0 0.5024038461538461 0.3581730769230769 0.08653846153846154 0.23197115384615385
0 0.6045673076923077 0.35697115384615385 0.08173076923076923 0.234375
0 0.7055288461538461 0.3605769230769231 0.09375 0.22596153846153846
0 0.8088942307692307 0.35697115384615385 0.08653846153846154 0.234375
0 0.19951923076923078 0.65625 0.09615384615384616 0.2283653846153846
0 0.3004807692307692 0.6634615384615384 0.08653846153846154 0.22956730769230768
0 0.4026442307692308 0.6634615384615384 0.078125 0.22596153846153846
0 0.5024038461538461 0.6658653846153846 0.09014423076923077 0.23197115384615385
0 0.609375 0.6634615384615384 0.09014423076923077 0.21995192307692307
0 0.7764423076923077 0.6610576923076923 0.14783653846153846 0.22596153846153846
