0 0.10546875 0.203125 0.1109375 0.27890625
0 0.2171875 0.1890625 0.08671875 0.28125
0 0.15625 0.4828125 0.146875 0.2015625
0 0.32109375 0.5 0.12734375 0.30078125
0 0.44921875 0.5046875 0.1203125 0.32421875
0 0.59609375 0.5 0.146875 0.3609375
0 0.7703125 0.49375 0.17578125 0.3796875
0 0.38125 0.1453125 0.1921875 0.22109375
0 0.68125 0.12109375 0.20703125 0.2328125
0 0.1078125 0.78984375 0.09609375 0.2984375
0 0.2125 0.803125 0.0890625 0.32421875
0 0.32578125 0.8296875 0.1109375 0.30078125
0 0.45703125 0.83984375 0.10546875 0.3125
0 0.603125 0.84375 0.1515625 0.303125
0 0.76796875 0.853125 0.1609375 0.2859375
