0 0.171875 0.28966346153846156 0.13942307692307693 0.34375
0 0.31850961538461536 0.28846153846153844 0.13221153846153846 0.33774038461538464
0 0.4483173076923077 0.29447115384615385 0.1045673076923077 0.33653846153846156
0 0.5757211538461539 0.2932692307692308 0.10817307692307693 0.31850961538461536
0 0.7007211538461539 0.3016826923076923 0.11057692307692307 0.31971153846153844
0 0.4483173076923077 0.7403846153846154 0.12740384615384615 0.31971153846153844
0 0.5841346153846154 0.7367788461538461 0.1201923076923077 0.31850961538461536
0 0.7055288461538461 0.7307692307692307 0.11057692307692307 0.3137019230769231
0 0.8257211538461539 0.7175480769230769 0.1045673076923077 0.3125
0 0.9411057692307693 0.7139423076923077 0.1141826923076923 0.3076923076923077
0 0.2127403846153846 0.7463942307692307 0.20552884615384615 0.3401442307692308
0 0.890625 0.30288461538461536 0.17427884615384615 0.31850961538461536
