0 0.15297202702907295 0.1733125892845374 0.22896825191918752 0.20828760714144487
0 0.4425590525067512 0.20889512783772615 0.21837929952655913 0.19718646590774283
0 0.6987214895882531 0.20710435145610676 0.1796517146009652 0.29787621266133196
0 0.8471589895882531 0.20969533765638904 0.16489382345284262 0.3054159772718285
0 0.07506465627535266 0.5043210815738997 0.15012931255070533 0.30577053327818293
0 0.20960976816872084 0.5093240016215578 0.15152841866758598 0.2833500624991762
0 0.368463650824284 0.5097485158250172 0.1862468540750955 0.3151455332781829
0 0.5233237205613491 0.5038412094116258 0.17027671460096522 0.29771257142762997
0 0.7375579382651039 0.4919254107088721 0.27097721794894997 0.24956717207625304
0 0.05650767481186623 0.8160534683433749 0.11301534962373246 0.2885012126613319
0 0.18265035117512723 0.8156967325468344 0.15413144928983877 0.2927523360381265
0 0.3350825161269357 0.8316644261334428 0.16940960574908787 0.28990007142762975
0 0.485168374978813 0.8264565491032002 0.1581235581417161 0.3006193831160274
0 0.6423721947158783 0.8205901529982343 0.18572658876396914 0.3104580332781829
0 0.8015746249788129 0.8319794407406441 0.17635158876396914 0.31029439204448084
