0 0.3581730769230769 0.29927884615384615 0.10096153846153846 0.16706730769230768
0 0.6177884615384616 0.28725961538461536 0.10576923076923077 0.14302884615384615
0 0.8653846153846154 0.2704326923076923 0.08413461538461539 0.14783653846153846
0 0.34615384615384615 0.8112980769230769 0.09254807692307693 0.20552884615384615
0 0.42788461538461536 0.8016826923076923 0.055288461538461536 0.17668269230769232
0 0.49399038461538464 0.7872596153846154 0.05048076923076923 0.16706730769230768
0 0.5612980769230769 0.7704326923076923 0.05889423076923077 0.1622596153846154
0 0.6586538461538461 0.7415865384615384 0.0673076923076923 0.1814903846153846
0 0.7788461538461539 0.7127403846153846 0.1141826923076923 0.171875
0 0.25721153846153844 0.3112980769230769 0.05889423076923077 0.1622596153846154
