0 0.21277200284438233 0.6265061097926525 0.18221129396097205 0.10884381275401331
0 0.23607365041472378 0.36696401345612567 0.15805262483353283 0.11378361827193721
0 0.25222388623994374 0.12020852216255293 0.1613579667795702 0.09223616689245615
0 0.7229132574583309 0.6114068164876587 0.21886996308841128 0.10455910447712728
0 0.7245807251606908 0.5298668894184373 0.18569697785304679 0.06558513568479167
0 0.7193521993225788 0.464978873814605 0.17548064698048602 0.05884381275401331
0 0.7112090062026069 0.3986921325210323 0.17049264328932717 0.06789126413349429
0 0.6954485510863687 0.30255079489093273 0.19185680688002799 0.07676829715018094
0 0.6827379203831633 0.18375320726083316 0.18900212114237397 0.12471447421940245
0 0.21092429252434014 0.7266732061291794 0.17049264328932717 0.06789126413349429
