0 0.4579326923076923 0.040865384615384616 0.0733173076923077 0.07211538461538461
0 0.5516826923076923 0.054086538461538464 0.054086538461538464 0.09735576923076923
0 0.6117788461538461 0.056490384615384616 0.03485576923076923 0.10336538461538461
0 0.6947115384615384 0.06129807692307692 0.06971153846153846 0.11298076923076923
0 0.44591346153846156 0.25 0.09615384615384616 0.17067307692307693
0 0.5480769230769231 0.26322115384615385 0.06129807692307692 0.18509615384615385
0 0.6153846153846154 0.26802884615384615 0.042067307692307696 0.17548076923076922
0 0.703125 0.28125 0.09254807692307693 0.18028846153846154
0 0.4326923076923077 0.5360576923076923 0.11538461538461539 0.18509615384615385
0 0.5504807692307693 0.53125 0.0733173076923077 0.21634615384615385
0 0.6177884615384616 0.5384615384615384 0.046875 0.18028846153846154
0 0.7103365384615384 0.53125 0.11538461538461539 0.19591346153846154
