0 0.16238793315404615 0.39292178932136457 0.10739538524403187 0.20306335779368573
0 0.2701777072563471 0.39529490237672216 0.09782039734428025 0.1681423262236546
0 0.37321180366555096 0.38567624964706415 0.0916067587805987 0.17402830517696727
0 0.4770771470496927 0.3846968495482421 0.09002607806243948 0.17081229991529545
0 0.5840220386384363 0.37608695997276376 0.10100902985783762 0.17926183674699842
0 0.22756906820168626 0.7231700024190744 0.17632719242562417 0.23831758930724725
0 0.40866453209733267 0.707164112773009 0.11984084308955403 0.19441639988706036
0 0.5234264688656162 0.6997904995058899 0.10714085518980258 0.15931335779368574
0 0.628827041172519 0.6942146046687396 0.08052381303532492 0.1483912683452644
0 0.7271872731203424 0.6866666861540661 0.09469539734428026 0.16796031570031095
0 0.8388014839909268 0.6752048123636033 0.09931017447164336 0.1557333314853265
0 0.7455953428931623 0.3605060045558001 0.16204652380771342 0.19999854195220043
