0 0.16947115384615385 0.28846153846153844 0.13942307692307693 0.34375
0 0.3161057692307692 0.28725961538461536 0.13221153846153846 0.33774038461538464
0 0.44591346153846156 0.2920673076923077 0.1045673076923077 0.33653846153846156
0 0.5745192307692307 0.29086538461538464 0.10817307692307693 0.31850961538461536
0 0.6995192307692307 0.3004807692307692 0.11057692307692307 0.31971153846153844
0 0.44591346153846156 0.7379807692307693 0.12740384615384615 0.31971153846153844
0 0.5817307692307693 0.7355769230769231 0.1201923076923077 0.31850961538461536
0 0.703125 0.7295673076923077 0.11057692307692307 0.3137019230769231
0 0.8245192307692307 0.7163461538461539 0.1045673076923077 0.3125
0 0.9399038461538461 0.7115384615384616 0.11658653846153846 0.30649038461538464
0 0.21153846153846154 0.7439903846153846 0.20552884615384615 0.3401442307692308
0 0.8894230769230769 0.3004807692307692 0.17427884615384615 0.31850961538461536
