0 0.16067639322091426 0.8350647025851888 0.2070874360279987 0.21459037650146512
0 0.19455414326068515 0.5433374590109793 0.19604084802672608 0.20476970752810467
0 0.1912767912953654 0.28761404102620175 0.2970215453532718 0.15890806228073995
0 0.19300401798218264 0.13917654102620175 0.3046522320178174 0.14360139726171198
0 0.4920258432129601 0.907187689276497 0.3048885893539081 0.16391389726171185
0 0.496142273233641 0.7549394397707884 0.28264996268299925 0.13177255931499054
0 0.4956439285885036 0.5962501892764969 0.31426358935390813 0.16429589923887847
0 0.48884103994272987 0.44199377079742774 0.2969124573519991 0.14953306228073995
0 0.47568870130491037 0.22885710083548377 0.2481487880330894 0.25374571840251947
0 0.803753683879733 0.919108005017278 0.28764654535327167 0.1585260603035735
0 0.8024740892345955 0.7603869210248891 0.29206132535009 0.13527956129215682
0 0.8175462005888218 0.6070218404925415 0.2890999573519991 0.14921472729976806
0 0.8114700179424117 0.4574847555115696 0.2998920066836355 0.1371603962731287
0 0.8046944012969561 0.30088458703250043 0.30957608935390796 0.16410489825029514
0 0.8151517379853643 0.14107850551156956 0.3094670013526354 0.1547298982502951
