0 0.19756728131937926 0.3570305220436281 0.17964456888575775 0.2581288462971587
0 0.3725197371282381 0.3802598444555733 0.12472027054543178 0.25117972376899794
0 0.4820131362984011 0.38634558951189474 0.10862167386477957 0.24383711733238062
0 0.5841792875431565 0.3958459116717384 0.10862167386477957 0.2438371173323807
0 0.6903108883729935 0.4048381354407364 0.10753277054543169 0.24997785668871889
0 0.7949983883729936 0.4121585985660726 0.09924667386477974 0.24318155347041034
0 0.13741715102104085 0.6740487772394081 0.11162827469461663 0.24249313861970415
0 0.2419270522657963 0.6837129903647444 0.11198347220510571 0.24718063861970413
0 0.34973955226579634 0.6912519747774042 0.10549667386477975 0.24361859604505726
0 0.45317220558514426 0.7047678075809095 0.10921366971559472 0.2516496173323805
0 0.5633284555851443 0.7124706829590618 0.11823347220510563 0.24761768119435104
0 0.7380208022657964 0.7184032447273453 0.18662827469461654 0.24773764951546742
