0 0.22115384615384615 0.2920673076923077 0.046875 0.125
0 0.3125 0.30408653846153844 0.07572115384615384 0.13822115384615385
0 0.5721153846153846 0.328125 0.09735576923076923 0.13822115384615385
0 0.8461538461538461 0.36177884615384615 0.07211538461538461 0.14783653846153846
0 0.24519230769230768 0.6959134615384616 0.05889423076923077 0.16706730769230768
0 0.31850961538461536 0.7055288461538461 0.055288461538461536 0.17668269230769232
0 0.3798076923076923 0.7103365384615384 0.05048076923076923 0.15745192307692307
0 0.4495192307692308 0.7271634615384616 0.07211538461538461 0.1622596153846154
0 0.5528846153846154 0.7367788461538461 0.07572115384615384 0.171875
0 0.6766826923076923 0.734375 0.12259615384615384 0.17668269230769232
