0 0.453125 0.036057692307692304 0.0733173076923077 0.07211538461538461
0 0.5480769230769231 0.04927884615384615 0.054086538461538464 0.09735576923076923
0 0.6081730769230769 0.051682692307692304 0.03485576923076923 0.10336538461538461
0 0.6911057692307693 0.056490384615384616 0.06971153846153846 0.11298076923076923
0 0.4423076923076923 0.24519230769230768 0.09615384615384616 0.17067307692307693
0 0.5444711538461539 0.25721153846153844 0.06129807692307692 0.18509615384615385
0 0.6117788461538461 0.26322115384615385 0.042067307692307696 0.17548076923076922
0 0.6983173076923077 0.27524038461538464 0.09254807692307693 0.18028846153846154
0 0.42908653846153844 0.53125 0.11538461538461539 0.18509615384615385
0 0.546875 0.5252403846153846 0.0733173076923077 0.21634615384615385
0 0.6141826923076923 0.5336538461538461 0.046875 0.18028846153846154
0 0.7067307692307693 0.5252403846153846 0.11538461538461539 0.19591346153846154
