0 0.4281584101290618 0.8052455779515053 0.2445592617048682 0.1922889883854534
0 0.4140678984241936 0.6398945230376573 0.23117741228577451 0.11968346815571511
0 0.4071928052169861 0.5394785331525265 0.24149475146672278 0.11471187855775752
0 0.39625642180501564 0.43704346812380923 0.2439995906476712 0.10882713867262658
0 0.3901625785978081 0.33671879326739573 0.2343024122857745 0.12004872827058435
0 0.3760236750834562 0.23313721812380922 0.24461975146672285 0.11507713867262659
0 0.7357081049409901 0.8774858741225376 0.23773749269530028 0.12353898838545377
0 0.7326617416314012 0.7767452093809935 0.23993225146672295 0.11452924850032282
0 0.7225841283218122 0.6751827093809935 0.23290705044290833 0.10598622827058435
0 0.7150053052169861 0.5754566544671453 0.24024233187624872 0.11765424850032283
0 0.7020413011907269 0.46815145938099345 0.23086733187624872 0.1165584681557151
0 0.6831082492810958 0.30069001429484155 0.2398838596572391 0.17629872827058435
