0 0.11057692307692307 0.20793269230769232 0.11057692307692307 0.2776442307692308
0 0.22235576923076922 0.19230769230769232 0.08774038461538461 0.28125
0 0.16105769230769232 0.48677884615384615 0.1466346153846154 0.203125
0 0.32572115384615385 0.5048076923076923 0.12860576923076922 0.29927884615384615
0 0.4543269230769231 0.5084134615384616 0.11899038461538461 0.3245192307692308
0 0.6009615384615384 0.5048076923076923 0.1466346153846154 0.359375
0 0.7752403846153846 0.49759615384615385 0.17427884615384615 0.38100961538461536
0 0.3858173076923077 0.14903846153846154 0.19230769230769232 0.22115384615384615
0 0.6862980769230769 0.125 0.20673076923076922 0.23317307692307693
0 0.11298076923076923 0.7944711538461539 0.09615384615384616 0.29927884615384615
0 0.21754807692307693 0.8076923076923077 0.08774038461538461 0.3245192307692308
0 0.33052884615384615 0.8329326923076923 0.11057692307692307 0.29927884615384615
0 0.46274038461538464 0.8425480769230769 0.11057692307692307 0.3076923076923077
0 0.6105769230769231 0.8461538461538461 0.15625 0.29927884615384615
0 0.7752403846153846 0.8545673076923077 0.16466346153846154 0.28125
