0 0.22355769230769232 0.34134615384615385 0.15985576923076922 0.24639423076923078
0 0.39903846153846156 0.35216346153846156 0.10576923076923077 0.2439903846153846
0 0.5084134615384616 0.35096153846153844 0.09014423076923077 0.23798076923076922
0 0.6105769230769231 0.35336538461538464 0.09014423076923077 0.23798076923076922
0 0.7175480769230769 0.3545673076923077 0.08774038461538461 0.2439903846153846
0 0.8221153846153846 0.3545673076923077 0.08052884615384616 0.23798076923076922
0 0.1875 0.6610576923076923 0.09254807692307693 0.234375
0 0.2920673076923077 0.6634615384615384 0.09254807692307693 0.2403846153846154
0 0.40024038461538464 0.6634615384615384 0.08774038461538461 0.23798076923076922
0 0.5036057692307693 0.6694711538461539 0.09254807692307693 0.2439903846153846
0 0.6141826923076923 0.6694711538461539 0.09975961538461539 0.2403846153846154
0 0.7884615384615384 0.6634615384615384 0.16826923076923078 0.234375
