0 0.25440305348175907 0.368842107192922 0.17758052464894378 0.23970662822814398
0 0.4201508842144537 0.38276748542106587 0.10537797602842466 0.22843063861970414
0 0.5210959085247131 0.3929397969372478 0.09970118611433314 0.23893109604505708
0 0.6233987149471483 0.3993151190970915 0.09361496042459247 0.24161905347041018
0 0.7243846828349726 0.4102686806132733 0.10554175033868418 0.23155563861970413
0 0.8273049649471483 0.4135736330949479 0.09986496042459266 0.24205609604505723
0 0.23361135515449577 0.6701807320668711 0.10883052464894379 0.23489915990702742
0 0.33554234735257965 0.684313923904884 0.09961929895920321 0.23736859604505725
0 0.43710484735257965 0.6914158657428967 0.09147925033868418 0.23057229282674854
0 0.5372276780852744 0.7007522969372478 0.1027442989592032 0.2375871173323807
0 0.6441360973525796 0.7058929010280767 0.10225297602842467 0.2282121173323807
0 0.811200766619885 0.7152400398998824 0.16179175033868418 0.23548902179152656
