0 0.2234375 0.34140625 0.1609375 0.24765625
0 0.39921875 0.35234375 0.10546875 0.24296875
0 0.50859375 0.35078125 0.09140625 0.23828125
0 0.6109375 0.353125 0.09140625 0.23828125
0 0.7171875 0.3546875 0.0890625 0.24296875
0 0.821875 0.3546875 0.08203125 0.23828125
0 0.1875 0.6609375 0.09375 0.2359375
0 0.2921875 0.66328125 0.09375 0.240625
0 0.4 0.66328125 0.08671875 0.23828125
0 0.50390625 0.66953125 0.09140625 0.2453125
0 0.6140625 0.66953125 0.10078125 0.240625
0 0.78828125 0.66328125 0.16796875 0.2359375
