0 0.171875 0.17067307692307693 0.20673076923076922 0.203125
0 0.4651442307692308 0.20072115384615385 0.1971153846153846 0.19471153846153846
0 0.7199519230769231 0.19471153846153846 0.1466346153846154 0.29447115384615385
0 0.8689903846153846 0.19471153846153846 0.13341346153846154 0.30288461538461536
0 0.11298076923076923 0.5024038461538461 0.15144230769230768 0.30288461538461536
0 0.265625 0.5048076923076923 0.11899038461538461 0.28125
0 0.42427884615384615 0.5024038461538461 0.15144230769230768 0.3112980769230769
0 0.578125 0.49399038461538464 0.13701923076923078 0.29447115384615385
0 0.7908653846153846 0.47836538461538464 0.24278846153846154 0.24639423076923078
0 0.1141826923076923 0.8137019230769231 0.1466346153846154 0.2860576923076923
0 0.27283653846153844 0.8112980769230769 0.12379807692307693 0.28966346153846156
0 0.4266826923076923 0.8245192307692307 0.13701923076923078 0.28966346153846156
0 0.5757211538461539 0.8161057692307693 0.12379807692307693 0.29927884615384615
0 0.7319711538461539 0.8076923076923077 0.15144230769230768 0.3076923076923077
0 0.8918269230769231 0.8161057692307693 0.14182692307692307 0.3076923076923077
