0 0.09735576923076923 0.3004807692307692 0.0625 0.1201923076923077
0 0.1778846153846154 0.31009615384615385 0.06610576923076923 0.11057692307692307
0 0.46274038461538464 0.35336538461538464 0.057692307692307696 0.1201923076923077
0 0.5408653846153846 0.3629807692307692 0.06610576923076923 0.11057692307692307
0 0.8100961538461539 0.40384615384615385 0.057692307692307696 0.125
0 0.8846153846153846 0.4182692307692308 0.057692307692307696 0.10576923076923077
0 0.04326923076923077 0.8725961538461539 0.0625 0.1201923076923077
0 0.12620192307692307 0.8918269230769231 0.0625 0.11057692307692307
0 0.40865384615384615 0.9254807692307693 0.057692307692307696 0.1201923076923077
0 0.4891826923076923 0.9423076923076923 0.0625 0.09615384615384616
0 0.828125 0.9663461538461539 0.078125 0.057692307692307696
0 0.7560096153846154 0.9591346153846154 0.04927884615384615 0.07211538461538461
